200120010100000363             00031260502001000003631000000000001100010003316600003202262200
200120010100000775             00022969002001000007751000000000001100010002260850002202442200
200120010100000981             00009733502001000009811000000000001100040000849750012102162200
200120010100001239             00013750502001000012391000000000001100020001380200010202212200
200120010100002784             00012257002001000027841000000000001100020001575900000102262200
200120010100003144             00010454502001000031441000000000001100010001050600001102362200
200120010100003196             00010145502001000031961000000000001100010001019700001202262200
200120010100004895             00009939502001000048951000000000001100010000999100000202362200
200120010100005565             00032033002001000055651000000000001100030002569850000202062200
200120010100007934             00001339002001000079341000000000002100010000190550023102412200
200120010100007934             00001339002001000079341000000000002100020000128750013202212200
200120010100014989             00007982502001000149891000000000004100010000751900002202062200
200120010100015453             00032496502001000154531000000000004100030003970650000202062200
200120010100023384             00008961002001000233841000000000005100020000803400000202262200
200120010100024208             00048976502001000242081000000000006100010005155150021202112200
200120010100024208             00048976502001000242081000000000006100020002801600011102412200
200120010100024671             00013544502001000246711000000000006100030002096050000202062200
200120010100039658             00033990002001000396581000000000006100020004315700000102462200
200120010100063399             00010248502001000633991000000000006100020001380200000102462200
200120010100083845             00009888002001000838451000000000010100010001045450000202262200
200120010100086368             00002472002001000863681000000000011100050000422300000202262200
200120010100086368             00002472002001000863681000000000011100060000427450000202162200
200120010100087553             00008240002001000875531000000000011100020001169050000102462200
200120010100090797             00023072002001000907971000000000012100030002410200000102462200
200120010100095175             00010660502001000951751000000000012100030001009400000202062200
200120010100098934             00027913002001000989341000000000012100020002760400000202062200
200120010100101355             00010506002001001013551000000000012100040001215400000102162200
200120010100104084             00010403002001001040841000000000012100030001678900000102462200
200120010100110419             00009167002001001104191000000000012100050001457450000202162200
200120010100120461             00061439502001001204611000000000013100010006071850040102262200
200120010100120461             00061439502001001204611000000000013100020006066700000102162200
200120010100120461             00061439502001001204611000000000013100050004248750000202162200
200120010100120719             00036359002001001207191000000000013100010003723450002202462200
200120010100122933             00029406502001001229331000000000013100020003754350000202162200
200120010100123036             00009064002001001230361000000000013100020000937300000102332200
200120010100123036             00009064002001001230361000000000013100030000942450000102162200
200120010100123345             00009218502001001233451000000000013100060000875500000102162200
200120010100144100             00008755002001001441001000000000017100010000927000000102162200
200120010100149610             00011381502001001496101000000000017100020001364750000102262200
200120010100151722             00009991002001001517221000000000017100030001225700001202062200
200120010100154245             00011690502001001542451000000000017100030001467750000102262200
200120010100156820             00007673502001001568201000000000018100030001086650000102062200
200120010100161301             00011124002001001613011000000000018100030001364750000102162200
200120010100169644             00014059502001001696441000000000019100010001478050000102462200
200120010100169644             00014059502001001696441000000000019100020001478050000102362200
200120010100195703             00007828002001001957031000000000022100040000988800000202162200
200120010100196424             00015141002001001964241000000000022100030000896100000202162200
200120010100196887             00004635002001001968871000000000022100020000478950012202412200
200120010100198690             00024153502001001986901000000000022100030003053950000202162200
200120010100198741             00008085502001001987411000000000022100010000834300000202062200
200120010100198741             00008085502001001987411000000000022100020001503800000102062200
200120010100202243             00037080002001002022431000000000022100030003306300000102262200
200120010100202552             00013029502001002025521000000000022100040001977600000102162200
200120010100202552             00013029502001002025521000000000022100050001977600000102162200
200120010100202552             00013029502001002025521000000000022100060001977600000102062200
200120010100202758             00018025002001002027581000000000022100010001797350001202362200
200120010100207651             00012875002001002076511000000000024100020001570750001202162200
200120010100214191             00041148502001002141911000000000024100010004171500001202162200
200120010100214397             00012154002001002143971000000000024100010001292650000202162200
200120010100214397             00012154002001002143971000000000024100030001112400000102062200
200120010100223152             00009836502001002231521000000000025100030001349300000202162200
200120010100231804             00032805502001002318041000000000026100010003465950031202162200
200120010100231804             00032805502001002318041000000000026100030003362950011102262200
200120010100235821             00014008002001002358211000000000026100020001467750010202412200
200120010100237984             00009167002001002379841000000000026100050001107250000102162200
200120010100239375             00033938502001002393751000000000026100010003589550000202362200
200120010100245091             00031827002001002450911000000000026100020003383550000102362200
200120010100245091             00031827002001002450911000000000026100030003496850000202162200
200120010100254619             00003553502001002546191000000000028100030000370800000102162200
200120010100255082             00002884002001002550821000000000028100020000458350000102062200
200120010100255597             00004068502001002555971000000000028100080000571650000102062200
200120010100259408             00005150002001002594081000000000028100010000509850003202062200
200120010100259614             00003296002001002596141000000000028100030000659200000102262200
200120010100260026             00007055502001002600261000000000028100040000741600000102362200
200120010100260026             00007055502001002600261000000000028100050000808550000202262200
200120010100261005             00002832502001002610051000000000028100040000442900000202462200
200120010100261108             00008858002001002611081000000000028100020000751900001202062200
200120010100261108             00008858002001002611081000000000028100030000808550000102062200
200120010100261314             00004995502001002613141000000000028100010000865200023102312200
200120010100261314             00004995502001002613141000000000028100020000530450013202112200
200120010100263013             00004326002001002630131000000000028100030000453200000102062200
200120010100263940             00032960002001002639401000000000029100010003301150000102362200
200120010100266515             00014162502001002665151000000000029100020001421400010202212200
200120010100271047             00033475002001002710471000000000029100010003357800000202462200
200120010100311938             00009785002001003119381000000000036100020001390500000102062200
200120010100316728             00007158502001003167281000000000036100030001230850000202462200
200120010100316728             00007158502001003167281000000000036100040001302950000102162200
200120010100317500             00008446002001003175001000000000036100030001163900000202162200
200120010100319869             00036204502001003198691000000000036100010003883100042202032200
200120010100323835             00023226502001003238351000000000036100020003208450000202162200
200120010100325895             00011536002001003258951000000000036100010001236000000202162200
200120010100327749             00008806502001003277491000000000036100030001591350000102362200
200120010100328212             00010609002001003282121000000000036100020001194800000202462200
200120010100329036             00019364002001003290361000000000036100010002080600001202362200
200120010100329036             00019364002001003290361000000000036100040002389600000102162200
200120010100330324             00020806002001003303241000000000036100010002224800000202462200
200120010100330736             00014420002001003307361000000000036100010001524400021202012200
200120010100335577             00009012502001003355771000000000036100030001375050000102062200
200120010100336607             00010763502001003366071000000000036100030001375050000202162200
200120010100338306             00025647002001003383061000000000037100040002971550000202362200
200120010100340830             00013544502001003408301000000000037100020001323550010202412200
200120010100344950             00014368502001003449501000000000037100010001493500001102362200
200120010100345156             00021115002001003451561000000000037100020001050600000102162200
200120010100345156             00021115002001003451561000000000037100030001055750000102462200
200120010100345774             00057371002001003457741000000000037100010006087300064202442200
200120010100345980             00008291502001003459801000000000037100040001143300000102262200
200120010100348194             00021733002001003481941000000000037100010002219650000202262200
200120010100362099             00037080002001003620991000000000039100010003862500064202262200
200120010100362099             00037080002001003620991000000000039100060005278750014102362200
200120010100369721             00028016002001003697211000000000039100020003332050000102062200
200120010100369721             00028016002001003697211000000000039100030003332050000102262200
200120010100371833             00007931002001003718331000000000039100020000932150002202462200
200120010100371833             00007931002001003718331000000000039100030000932150000202062200
200120010100388158             00013956502001003881581000000000042100030001060900000202162200
200120010100401703             00010815002001004017031000000000042100020001287500000202262200
200120010100405153             00029973002001004051531000000000042100030006313900000102162200
200120010100414166             00013905002001004141661000000000045100040001107250012102262200
200120010100414423             00024926002001004144231000000000045100040003821300000202062200
200120010100415453             00015398502001004154531000000000045100010001519250000202362200
200120010100416020             00014420002001004160201000000000045100010001436850022202412200
200120010100417513             00026831502001004175131000000000045100010002811900000202362200
200120010100417668             00016377002001004176681000000000045100030001926100000202462200
200120010100418389             00014729002001004183891000000000045100010001539850002202362200
200120010100424466             00002884002001004244661000000000046100020000432600001202062200
200120010100429822             00012978002001004298221000000000047100020000911550000202462200
200120010100429822             00012978002001004298221000000000047100030000911550000202262200
200120010100429822             00012978002001004298221000000000047100040001040300000102162200
200120010100432242             00041869502001004322421000000000047100020003136350010102062200
200120010100433530             00010454502001004335301000000000047100020001179350000102322200
200120010100434560             00008858002001004345601000000000047100020000885800001202462200
200120010100436774             00040839502001004367741000000000048100020004228150010202312200
200120010100437856             00060409502001004378561000000000048100030004913100001202162200
200120010100444551             00010763502001004445511000000000048100020001699500000102252200
200120010100451761             00013287002001004517611000000000048100020001246300000202062200
200120010100472361             00008703502001004723611000000000051100030001050600001202162200
200120010100474266             00008549002001004742661000000000051100030001915800000102162200
200120010100474833             00012978002001004748331000000000051100010001344150000102462200
200120010100475039             00030333502001004750391000000000051100020003259950000202062200
200120010100477820             00010248502001004778201000000000051100020001581050000102162200
200120010100481425             00016892002001004814251000000000051100020001550150000102162200
200120010100481734             00024205002001004817341000000000051100040002884000000202062200
200120010100484154             00022093502001004841541000000000053100020002544100000102262200
200120010100488583             00015656002001004885831000000000053100010001570750000102362200
200120010100489459             00048461502001004894591000000000053100010004861600000102462200
200120010100489459             00048461502001004894591000000000053100020003532900000202262200
200220020100000419             00009933002002000004191000000000001100050000836220000202062200
200220020100001944             00014922602002000019441000000000001100020004088700003202222200
200220020100016681             00008131202002000166811000000000004100010000674520021102312200
200220020100018021             00013398002002000180211000000000005100030002079000000102062200
200220020100027446             00008131202002000274461000000000006100030000517440000102462200
200220020100032944             00037422002002000329441000000000006100020004060980000102362200
200220020100037194             00046569602002000371941000000000006100010004827900000202362200
200220020100044124             00029244602002000441241000000000006100020002716560000102262200
200220020100045141             00037699202002000451411000000000006100010004070220001202462200
200220020100052717             00011226602002000527171000000000006100030001219680000102162200
200220020100071475             00023423402002000714751000000000009100060002901360000202262200
200220020100076279             00002633402002000762791000000000010100020000388080000202162200
200220020100084688             00009378602002000846881000000000012100020001094940000202262200
200220020100084965             00028551602002000849651000000000012100020002933700004202162200
200220020100086305             00032062802002000863051000000000012100010003358740000202362200
200220020100087645             00027766202002000876451000000000012100010002707320000102362200
200220020100091664             00016077602002000916641000000000012100010001672440003202162200
200220020100094759             00011319002002000947591000000000012100030001150380000102462200
200220020100094898             00029198402002000948981000000000012100030002716560000202062200
200220020100110098             00049711202002001100981000000000013100010005105100000202362200
200220020100110514             00013536602002001105141000000000013100020002028180001202162200
200220020100112777             00031369802002001127771000000000013100010003210900000202162200
200220020100113008             00013398002002001130081000000000013100030001866480000102262200
200220020100114856             00027350402002001148561000000000013100010003003000001202262200
200220020100123681             00033171602002001236811000000000017100020004065600000102162200
200220020100125067             00012705002002001250671000000000017100030001473780000202422200
200220020100126314             00027442802002001263141000000000017100040004176480000102462200
200220020100133660             00037745402002001336601000000000017100020004624620000102462200
200220020100133891             00039593402002001338911000000000017100030004846380000102162200
200220020100135970             00012797402002001359701000000000017100020001372140000202362200
200220020100140128             00039547202002001401281000000000017100020004846380000102162200
200220020100147612             00029383202002001476121000000000018100030004116420011102462200
200220020100147982             00008038802002001479821000000000018100030001191960000202262200
200220020100162951             00009979202002001629511000000000020100020001196580000102062200
200220020100173207             00002956802002001732071000000000021100010000318780024102412200
200220020100173207             00002956802002001732071000000000021100020000328020014202212200
200220020100175609             00011411402002001756091000000000022100010001201200000202262200
200220020100175702             00005636402002001757021000000000022100030001672440000102262200
200220020100178150             00009655802002001781501000000000022100020001686300000102162200
200220020100178150             00009655802002001781501000000000022100030001681680000102062200
200220020100178520             00010441202002001785201000000000022100030002102100000102162200
200220020100179675             00003834602002001796751000000000022100040000545160000102062200
200220020100180229             00003372602002001802291000000000022100030000295680000202162200
200220020100180784             00021621602002001807841000000000022100030003640560000202062200
200220020100181939             00038900402002001819391000000000022100040004222680012102462200
200220020100182539             00010995602002001825391000000000022100030001413720001202062200
200220020100182539             00010995602002001825391000000000022100040001413720000202062200
200220020100190532             00011180402002001905321000000000024100030000914760000202462200
200220020100191964             00033679802002001919641000000000024100060002915220000202162200
200220020100192426             00012012002002001924261000000000024100020000942480000102162200
200220020100205639             00026426402002002056391000000000026100010002772000003202462200
200220020100213863             00012658802002002138631000000000026100020001436820000102362200
200220020100214186             00008454602002002141861000000000026100020000840840000202162200
200220020100215850             00008916602002002158501000000000026100030000813120022202412200
200220020100215850             00008916602002002158501000000000026100040001219680000102262200
200220020100216635             00015800402002002166351000000000026100020000933240000202262200
200220020100218622             00040609802002002186221000000000026100010004287360020102262200
200220020100218622             00040609802002002186221000000000026100020002850540010202262200
200220020100219915             00034742402002002199151000000000026100030004208820000102162200
200220020100223473             00006006002002002234731000000000027100010000632940000102262200
200220020100230772             00003187802002002307721000000000028100010000332640001202362200
200220020100231742             00005451602002002317421000000000028100020001090320001102062200
200220020100233590             00007253402002002335901000000000028100020001436820000102062200
200220020100234330             00003742202002002343301000000000028100030000614460001102362200
200220020100235392             00003003002002002353921000000000028100020000623700000102062200
200220020100237102             00013167002002002371021000000000029100020001940400001202362200
200220020100240197             00011781002002002401971000000000029100030002069760000102462200
200220020100244078             00010025402002002440781000000000029200030001945020000102362200
200220020100256044             00007530602002002560441000000000032100010000776160001202162200
200220020100263713             00010626002002002637131000000000034100040001487640000102462200
200220020100268980             00007623002002002689801000000000034100010000739200031202162200
200220020100270597             00008778002002002705971000000000034100010000859320002202462200
200220020100284919             00008962802002002849191000000000036100030002647260000102162200
200220020100296284             00008962802002002962841000000000036100030001205820011102262200
200220020100297208             00006883802002002972081000000000036100020001085700000102062200
200220020100302382             00050219402002003023821000000000037100010005003460001102262200
200220020100302521             00014599202002003025211000000000037100010001686300020102112200
200220020100302521             00014599202002003025211000000000037100020001455300010202412200
200220020100303907             00009378602002003039071000000000037100020001182720001102462200
200220020100304045             00044906402002003040451000000000037100020004680060012202212200
200220020100304323             00019681202002003043231000000000037100030001677060000102062200
200220020100305570             00029013602002003055701000000000037100010002878260000102062200
200220020100306217             00006190802002003062171000000000037100010000965580021102212200
200220020100306540             00014414402002003065401000000000037100010001436820001202162200
200220020100308527             00011688602002003085271000000000037100030001755600000102062200
200220020100311576             00037976402002003115761000000000037100010003793020000202262200
200220020100311576             00037976402002003115761000000000037100020003793020000202462200
200220020100324420             00037745402002003244201000000000039100010003760680001202262200
200220020100324512             00010025402002003245121000000000039100030001372140000202262200
200220020100325482             00012797402002003254821000000000039100010001330560031202362200
200220020100325482             00012797402002003254821000000000039100030000896280011102362200
200220020100330703             00009424802002003307031000000000039100020001025640000102162200
200220020100338742             00048972002002003387421000000000040100010005206740000102462200
200220020100338742             00048972002002003387421000000000040100020005206740000102162200
200220020100341560             00011781002002003415601000000000041100020000947100000202142200
200220020100364198             00043797602002003641981000000000042100020004379760000102062200
200220020100368448             00004527602002003684481000000000044100010000475860023202212200
200220020100370250             00013767602002003702501000000000045100010001986600021102112200
200220020100370250             00013767602002003702501000000000045100020001372140011202112200
200220020100371082             00012474002002003710821000000000045100010001247400001202162200
200220020100374177             00007345802002003741771000000000045100050001113420001202362200
200220020100375147             00040471202002003751471000000000045100020003760680002202062200
200220020100375563             00021390602002003755631000000000045100010002171400000202362200
200220020100378843             00003557402002003788431000000000046100030000360360000202062200
200220020100383740             00023469602002003837401000000000047100010002559480002202362200
200220020100384064             00009009002002003840641000000000047100020001168860000202062200
200220020100390116             00007207202002003901161000000000047100020002217600000102362200
200220020100393858             00013860002002003938581000000000048100050001136520031202112200
200220020100394135             00027581402002003941351000000000048100020002245320001202062200
200220020100395752             00012705002002003957521000000000048100020001894200000202062200
200220020100397277             00009563402002003972771000000000048100010001016400031202362200
200220020100397277             00009563402002003972771000000000048100030000563640011102462200
200220020100399633             00015569402002003996331000000000048100010001644720042202462200
200220020100404946             00008362202002004049461000000000048100010000826980003202262200
200220020100422133             00040286402002004221331000000000051100030002665740000202062200
200220020100424766             00005728802002004247661000000000051100020001261260000102462200
200220020100425644             00007854002002004256441000000000051100020001164240000102362200
200220020100427908             00009563402002004279081000000000051100020001598520000202162200
200220020100428693             00012058202002004286931000000000051100010001242780031102262200
200220020100429478             00012058202002004294781000000000051100040001298220000202262200
200220020100432250             00012797402002004322501000000000051100010001330560000202062200
200220020100432297             00037006202002004322971000000000051100030002905980020202312200
200220020100434745             00035296802002004347451000000000053100010003709860020102262200
200220020100454011             00009378602002004540111000000000055100030000845460000202362200
200720070100001681000000010508400008976002007000016811000000190001100030001645600000102362200
200720070100008617000000052435300025296002007000086171000000010001100010002475200000102362200
200720070100011745000000071629300030600002007000117451000000240001100010003100800002202462200
200720070100021265000000129816600008296002007000212651000000160001300010000829600000102262200
200720070100057577000000042054400010608002007000575771000000060005100060001115200000202262200
200720070100073489000000006291900007344002007000734891000000210106100020001659200000102462200
200720070100088721000000021063900008296002007000887211000000150606100040000965600000102362200
200720070100106673000000038411000006936002007001066731000000240106100020002121600000102162200
200720070100138497000000069343800008024002007001384971000000210306100030001876800000202462200
200720070100178889000000108492400008704002007001788891000000790006100040001183200000202262200
200720070100194393000000123498500020264002007001943931000000240406100020002556800000202262200
200720070100196841000000125899200010336002007001968411000000150306300010001033600000102262200
200720070100233969000000025428700016048002007002339691000000200009400010001604800000202062200
200720070100252193000000060889300023392002007002521931000000010411100010002380000004202262200
200720070100253417000000112567300009248002007002534171000000010311100020001740800000102162200
200720070100255049000000001517200010336002007002550491000000360712100020001604800000202262200
200720070100264841000000016263600026520002007002648411000000400712100010002597600000202222200
200720070100268377000000021468200016728002007002683771000000110212100020002080800000102062200
200720070100281841000000042008700008160002007002818411000000110712100030001006400000102062200
200720070100287281000000050324100009384002007002872811000000350412100030001251200000102162200
200720070100290545000000055331700007888002007002905451000000110112100030000979200000102062200
200720070100290817000000055731900018088002007002908171000000350712100010001849600000102062200
200720070100290817000000055731900018088002007002908171000000350712100030003209600000102062200
200720070100291089000000056140300005984002007002910891000000110712100010000612000000202062200
200720070100291225000000056350300006664002007002912251000000400912100020000952000000202162200
200720070100291225000000056350300006664002007002912251000000400912100030000952000000202062200
200720070100291225000000056350300006664002007002912251000000400912100050000924800000102062200
200720070100291769000000057200000009520002007002917691000000400212100030001006400000102362200
200720070100291769000000057200000009520002007002917691000000400212100040001006400000102062200
200720070100299385000000068674400006528002007002993851000000150112300010000652800000202362200
200720070100301289000000071578400006800002007003012891000000010112100010000680000002202262200
200720070100310537000000085261000008296002007003105371000000400612100020000788800000102242200
200720070100321825000000102101000028560002007003218251000000401912100040003508800000202262200
200720070100326857000000109705700008976002007003268571000000401912100020001074400000102462200
200720070100332977000000119008800008976002007003329771000000270212100020001047200000202162200
200720070100345897000000001840100005304002007003458971000000260013100040000353600000102062200
200720070100345897000000001840100005304002007003458971000000260013100050000367200000102062200
200720070100349433000000013386900006936002007003494331000000360013100020000707200000202262200
200720070100350793000000017973300029240002007003507931000000120513100010002896800000202162200
200720070100353649000000027241600036176002007003536491000000130513100040005698400000202362200
200720070100356233000000035800400018088002007003562331000000240013100030001781600000102162200
200720070100374321000000094176500009112002007003743211000000340013100050002244000001102332200
200720070100374729000000095570600022032002007003747291000000050013100020004460800010202362200
200720070100377313000000104036300008568002007003773131000000420013300010000856800000102262200
200720070100377993000000106314000025976002007003779931000000120613100020003767200000102062200
200720070100378673000000108540500011288002007003786731000000120113100030001591200000202062200
200720070100416073000000040546900025160002007004160731000000350717100010002461600001202062200
200720070100416073000000040546900025160002007004160731000000350717100030003454400001202262200
200720070100431713000000079242600013192002007004317131000000351517100020001604800000202062200
200720070100434705000000086767300006936002007004347051000000341417100030000788800000202262200
200720070100437561000000093939500009520002007004375611000000341317100020001101600000202262200
200720070100470337000000069304200030056002007004703371000000020118100030002856000011102162200
200720070100485841000000008091000018632002007004858411000000120019400010001863200000102362200
200720070100513993000000011253600008568002007005139931000000060021300010000856800000102062200
200720070100540921000000058569600014824002007005409211000007777722100030001958400000202262200
200720070100546089000000093921500013736002007005460891000000020022100010001360000001202462200
200720070100547857000000106034700011560002007005478571000000250022100040000503200000102262200
200720070100547993000000107042100014008002007005479931000000230022100040001156000000102162200
200720070100548673000000111508400012648002007005486731000000180322100040000707200012202362200
200720070100571929000000067299900005304002007005719291000000110124100050000693600031202312200
200720070100573561000000076628600009520002007005735611000000050224100010000965600000202262200
200720070100574785000000083477100008704002007005747851000000050524100040000924800000202362200
200720070100577369000000098115700009520002007005773691000000050724100020001088000000202262200
200720070100580089000000113426100003808002007005800891000000090124400010000380800000202262200
200720070100581721000000122469000053176002007005817211000000110224100030005385600000202062200
200720070100591649000000034340100013328002007005916491000000400025100040001754400000102362200
200720070100600081000000073481300016184002007006000811000000160025400010001618400000202162200
200720070100612185000000130405100009792002007006121851000000030025300010000979200000102262200
200720070100628505000000042071700036720002007006285051000000380726100030005276800000102362200
200720070100632313000000053070300025160002007006323131000000370726100020003753600000102432200
200720070100632313000000053070300025160002007006323131000000370726100030003916800000202062200
200720070100660465000000134251600032504002007006604651000000230126100030004460800000102162200
200720070100675697000000079242300014416002007006756971000000090027300010001441600000102162200
200720070100686305000000001980000024072002007006863051000000070028100010002352800042102362200
200720070100687665000000015298500014960002007006876651000000140028100030001985600000202062200
200720070100688073000000019439400033320002007006880731000000010028100040005140800000102062200
200720070100689161000000031233500009792002007006891611000000140028100020001455200000202462200
200720070100689705000000036962600005168002007006897051000000190028100050001196800000202262200
200720070100694057000000080470200015640002007006940571000000070028400010001564000000202162200
200720070100697321000000113705700009792002007006973211000000020028100040001020000000202122200
200720070100746689000000073505300021760002007007466891000000050232100010002189600030102262200
200720070100749001000000101813200020944002007007490011000000050332100010002121600001202462200
200720070100766273000000029267500011152002007007662731000000130234100030001781600000202262200
200720070100768041000000035777100010880002007007680411000000190134100030002162400000202062200
200720070100768041000000035777100010880002007007680411000000190134100040002135200000202062200
200720070100771441000000048424000017816002007007714411000000220234100010001781600000202362200
200720070100809249000000007914800017000002007008092491000000370936100010001700000001202462200
200720070100809385000000008141500013056002007008093851000000420536100030001251200000202262200
200720070100813465000000014720800023528002007008134651000000070036100020003590400010202062200
200720070100815505000000017936200015912002007008155051000000330136400010001591200000202162200
200720070100822849000000029706500026520002007008228491000000390336100010002611200002202262200
200720070100822985000000029941700007072002007008229851000000050036300010000707200000102262200
200720070100823665000000031131000011832002007008236651000000400336100020001455200000202122200
200720070100836721000000052224600010608002007008367211000000350536100040000979200000102462200
200720070100836721000000052224600010608002007008367211000000350536100050001536800000202262200
200720070100838897000000055751400010608002007008388971000000401536100030001387200000102062200
200720070100843385000000062758700007208002007008433851000000130036300010000720800000102462200
200720070100848145000000070495300011424002007008481451000000400736100020001455200000202162200
200720070100850457000000074073100011424002007008504571000000120036100030000816000000102062200
200720070100859569000000088806500015776002007008595691000000370536100010001564000001202262200
200720070100874121000000112299300012240002007008741211000000411436100020001931200000202062200
200720070100883777000000127671800026384002007008837771000000330136100010002801600023102412200
200720070100883777000000127671800026384002007008837771000000330136100020004338400013202412200
200720070100884321000000128609700010336002007008843211000000400936100030001278400001202062200
200720070100891393000000004551600014280002007008913931000000270237100040001632000000102062200
200720070100891801000000005816100011424002007008918011000000090137100030001536800000102362200
200720070100893977000000012633200014008002007008939771000000180037100020003590400000102062200
200720070100894385000000013939300007752002007008943851000000160137100010000788800000102362200
200720070100894521000000014361000038760002007008945211000000100037100010003808000031202462200
200720070100897377000000023772600009928002007008973771000000160237400010000992800000202062200
200720070100900233000000032732000017136002007009002331000000130037100010001700000020102412200
200720070100900233000000032732000017136002007009002331000000130037100020000829600010202212200
200720070100900777000000034507200032096002007009007771000000280237100010003250400000102362200
200720070100901729000000037466600008296002007009017291000000250037300010000829600000102462200
200720070100903905000000044444400012784002007009039051000000400037100010001278400001202362200
200720070100909889000000063214700019584002007009098891000000160137100010001958400000202262200
200720070100917505000000087114300012104002007009175051000000190037100030001591200000202062200
200720070100919001000000091958800008568002007009190011000000170037100020000856800000102262200
200720070100930289000000126726400008296002007009302891000000130037100020001020000000202362200
200720070100956401000000048484800012920002007009564011000000450139100010001278400003202162200
200720070100972993000000091363900011560002007009729931000000280039300010001156000000102462200
200720070100983057000000117289400009928002007009830571000000190039300010000992800000102362200
200720070100995161000000033132700038760002007009951611000000140040100020003740000010202162200
200720070101007809000000132955500008704002007010078091000000110040100010000884000020202312200
200720070101009441000000009132800005576002007010094411000000120041100010000557600000202062200
200720070101009577000000010232100007888002007010095771000000060041100010000788800020102262200
200720070101009577000000010232100007888002007010095771000000060041100020000775200010202062200
200720070101054865000000068702900012104002007010548651000000420342100040002747200000202362200
200720070101054865000000068702900012104002007010548651000000420342100050001224000000102162200
200720070101054865000000068702900012104002007010548651000000420342100060002747200000202062200
200720070101054865000000068702900012104002007010548651000000420342100070001237600000102062200
200720070101056497000000072467600007208002007010564971000000410142300010000720800000102162200
200720070101062345000000086134700022984002007010623451000000411042100010002325600000102062200
200720070101074721000000114648000014824002007010747211000000180442100010001455200000202062200
200720070101076217000000118084200017680002007010762171000000340142400010001768000000102062200
200720070101095665000000037883900021624002007010956651000000070045400010002162400000102362200
200720070101096345000000042336800013736002007010963451000000190045400010001373600000102062200
200720070101103961000000091053600018360002007011039611000000190045100030002856000000102262200
200720070101103961000000091053600018360002007011039611000000190045100080002475200000202042200
200720070101108721000000121348600012240002007011087211000000120045100020001863200000102262200
200720070101111033000000135779900009520002007011110331000000230045300010000952000000102162200
200720070101128849000000065225500011288002007011288491000000310347100020001632000000202262200
200720070101133473000000087659500012240002007011334731000000220247100030001346400000102262200
200720070101143537000000135572300010064002007011435371000000310347100040001632000000102262200
200720070101166793000000031434500031960002007011667931000000460948100020002448000012202212200
200720070101168289000000033462400010472002007011682891000000462348100010001060800000202362200
200720070101186105000000057886000042704002007011861051000000480248100010004284000000202462200
200720070101187465000000059744900011288002007011874651000000450148100030003005600000102462200
200720070101189641000000062693000014008002007011896411000000230548100020001917600000102062200
200720070101226633000000113332300039032002007012266331000000190048100030002964800000102162200
200720070101226633000000113332300039032002007012266331000000190048100040002937600000102062200
200720070101236697000000127205600012376002007012366971000000530248100030001441600000202462200
200720070101259137000000007755800025024002007012591371000000340051100050005535200000102362200
200720070101259137000000007755800025024002007012591371000000340051100060005548800000102162200
200720070101261177000000015555600017136002007012611771000000190051100020001904000000102062200
200720070101262945000000022477300019312002007012629451000000010051100010001958400000202462200
200720070101268657000000044457300007752002007012686571000000120051100010000748000001202322200
200720070101272057000000057970100015640002007012720571000000030251100020001360000000202062200
200720070101275457000000071178500009112002007012754571000000290051100010000897600000102262200
200720070101283753000000103401000011152002007012837531000000130051100030001346400000202162200
200720070101285113000000108791900005440002007012851131000000190051100030000720800000102162200
200720070101285113000000108791900005440002007012851131000000190051100040000693600000102062200
200720070101288649000000122854700016048002007012886491000000170051400010001604800000202162200
200720070101330809000000001442300025840002007013308091000000180055100030001577600000202162200
200720070101347265000000084667600013056002007013472651000000200355100030001985600000202062200
200720070101353113000000113750300016456002007013531131000000200255100030002216800000202062200
200820080100003403000000020878900012357002008000034031000000220001400010001235700000202262200
200820080100004364000000027062800014965702008000043641000000230001100030002292910000102362200
200820080100008757000000054039200039954302008000087571000000220001100030005368430000102162200
200820080100012052000000073798600001373002008000120521000000260001100010000151030000202362200
200820080100014661000000089150400034325002008000146611000000020001100010003487420000202462200
200820080100014661000000089150400034325002008000146611000000020001100020004887880000202162200
200820080100017270000000105238200014279202008000172701000000090301100020002224260000102162200
200820080100061343000000070250400016201402008000613431000000090005100010001647600022102412200
200820080100061343000000070250400016201402008000613431000000090005100020000974830012202412200
200820080100067796000000136173400012906202008000677961000000180005100030001084670000202062200
200820080100088391000000019776800011533202008000883911000000610206100030001881010000102162200
200820080100151687000000081489500019633902008001516871000000811106400010001963390000102362200
200820080100172831000000102005200007276902008001728311000000811506100030001359270000202062200
200820080100190542000000119258600010984002008001905421000000350106100010001098400031202162200
200820080100190542000000119258600010984002008001905421000000350106100030001153320011102362200
200820080100195211000000123832200027597302008001952111000000540806100010002746000001202362200
200820080100220062000000058371600007551502008002200621000000081008100010000796340000202262200
200820080100237224000000034782800008100702008002372241000000160009100020001112130000102362200
200820080100248895000000002115900008100702008002488951000000030010100030001318080000202062200
200820080100258506000000003541300008924502008002585061000000070112100010000878720001202362200
200820080100279238000000034746800036109902008002792381000000110612100030004819230000102362200
200820080100291870000000053993100012631602008002918701000000190212100010001290620000202062200
200820080100305463000000074324600012768902008003054631000000080012300010001276890000102262200
200820080100307797000000077824800015103002008003077971000000220212100010001496570002202262200
200820080100308895000000079474800007276902008003088951000000400312100020000906180000102162200
200820080100309444000000080296900009611002008003094441000000401812100020001235700000202362200
200820080100309856000000080937000033775802008003098561000000270112100010003405040000102262200
200820080100312739000000085229700033913102008003127391000000361212100040003569800000102462200
200820080100320703000000097102700005354702008003207031000000350112100010000521740000202062200
200820080100330451000000112122400007139602008003304511000000401412100020001098400000102162200
200820080100332373000000114951600024027502008003323731000000360412100010002361560003202442200
200820080100332648000000115344600013730002008003326481000000320012100020001002290000202362200
200820080100347202000000137015900009199102008003472021000000260312100020002567510000102062200
200820080100352007000000011327800009061802008003520071000000120413100020001331810000102362200
200820080100363129000000047695800020457702008003631291000000260013100020002141880000102062200
200820080100366561000000058589400011670502008003665611000000120413100020001675060000102362200
200820080100366561000000058589400011670502008003665611000000120413100030001524030001202162200
200820080100367248000000060888800008375302008003672481000000210013300010000837530000102062200
200820080100368621000000065155100008924502008003686211000000430013100010000892450001102262200
200820080100369856000000069242100012768902008003698561000000400013100010001318080000102262200
200820080100370817000000072234900013455402008003708171000000110513100020001798630030202012200
200820080100373563000000081075500011121302008003735631000000130213100020002073230000202062200
200820080100374113000000082771000013318102008003741131000000110613100030002320370000102262200
200820080100380978000000104783000023890202008003809781000000140213100030004173920000102062200
200820080100382213000000108744400010709402008003822131000000120613100030001537760000202162200
200820080100382213000000108744400010709402008003822131000000120613100040001537760000202022200
200820080100391138000000137759200019084702008003911381000000340013100010001908470000102162200
200820080100391138000000137759200019084702008003911381000000340013100030003308930000202362200
200820080100391412000000138733000006453102008003914121000000250013100010000604120002202332200
200820080100394845000000086498300014141902008003948451000000030115100020001606410000202362200
200820080100427660000000059338100009885602008004276601000000351517100050001345540001202062200
200820080100437820000000084116400011670502008004378201000000351717100030001935930000102262200
200820080100439467000000088519500018535502008004394671000000351317100010001867280020202062200
200820080100439467000000088519500018535502008004394671000000351317100020002128150010102462200
200820080100450039000000114444200009611002008004500391000000040017300010000961100000102462200
200820080100453609000000123260100024439402008004536091000000351217100020003762020000202062200
200820080100465829000000027606500028009202008004658291000000010018100030002320370000102262200
200820080100482030000000102821600017437102008004820301000000290018400010001743710000102362200
200820080100529262000000082395000019633902008005292621000000190121100020002691080000202462200
200820080100535165000000122591400010434802008005351651000000030021100020001551490000202162200
200820080100548072000000073025000004668202008005480721000000030022100030000480550000102362200
200820080100548895000000078702900012494302008005488951000000130022100030000974830002202362200
200820080100548895000000078702900012494302008005488951000000130022100040000974830000202162200
200820080100549857000000085495000014416502008005498571000000170022100030001729980000102462200
200820080100554250000000115925800007551502008005542501000000150222100030000755150000202262200
200820080100554525000000117703600006453102008005545251000007777722100020001221970012202012200
200820080100554799000000119703900059039002008005547991000000200122100030005862710000102162200
200820080100569902000000028217400009748302008005699021000000080624100040001208240000202362200
200820080100575394000000059344500017574402008005753941000000080524100010001729980000102462200
200820080100580749000000088866800010709402008005807491000000050124100040001894740000202262200
200820080100582946000000100740200011258602008005829461000000110524100030001633870000102462200
200820080100586516000000121041000010297502008005865161000000100624100030001963390000102362200
200820080100590360000000002832500013592702008005903601000000170025100020000947370000202262200
200820080100606424000000077626100009748302008006064241000000350025300010000974830000102262200
200820080100609582000000092660300023478302008006095821000000330325100020002855840000102062200
200820080100635394000000046327100001510302008006353941000000250326400010000151030000202462200
200820080100649262000000086329000024714002008006492621000000160026300010002471400000102362200
200820080100660795000000119726400017437102008006607951000000180026100020001990850012202312200
200820080100663404000000127180900012357002008006634041000000370326100020001867280001202262200
200820080100663404000000127180900012357002008006634041000000370326100030001867280000202062200
200820080100692237000000000271600015514902008006922371000000050028100020001002290012202412200
200820080100695395000000032045000009473702008006953951000000140028100010000933640001202362200
200820080100701710000000096356500012082402008007017101000000070028100040000892450012202262200
200820080100702946000000109204800058627102008007029461000000040028100020005972550000202162200
200820080100726836000000102784800010297502008007268361000000180229100030001908470000202262200
200820080100726836000000102784800010297502008007268361000000180229100040001345540000102062200
200820080100756218000000107502500023890202008007562181000000050432100010002389020022202412200
200820080100768438000000012350600015240302008007684381000000010134100030001029750000202462200
200820080100768438000000012350600015240302008007684381000000010134100040001716250000102262200
200820080100777088000000044508600029656802008007770881000000200134100010002910760000102362200
200820080100782855000000066148100005492002008007828551000000090334100030001496570001202062200
200820080100782855000000066148100005492002008007828551000000090334100050000356980000102362200
200820080100788896000000088729800004119002008007888961000000150234100020000466820000102462200
200820080100788896000000088729800004119002008007888961000000150234100030000480550000102262200
200820080100790818000000095848700009061802008007908181000000210334100010000878720000102362200
200820080100799193000000127126700010846702008007991931000000130234100040001276890000202362200
200820080100818553000000011256300008512602008008185531000000400636100010000837530020202462200
200820080100818827000000011726800017574402008008188271000000370536100010001771170000102362200
200820080100833106000000034619600012906202008008331061000000411436100030001688790000202462200
200820080100837912000000042498700023752902008008379121000000390336100030003089250000102262200
200820080100842717000000050301400007826102008008427171000000020036300010000782610000102422200
200820080100854663000000069610700017025202008008546631000000360236100030004421060000102062200
200820080100855624000000071146600007276902008008556241000000411236100010000713960023202412200
200820080100864136000000084970400010434802008008641361000000370536100030001331810000102062200
200820080100873473000000100035600009336402008008734731000000400536100030001180780000202462200
200820080100889125000000125402800011945102008008891251000000150136300010001194510000102162200
200820080100896814000000137923100023066402008008968141000000370236100010002334100001202362200
200820080100899010000000005111800012631602008008990101000000180037100020001194510000102262200
200820080100899010000000005111800012631602008008990101000000180037100030001235700001202062200
200820080100909171000000036360900024576702008009091711000000370037400010002457670000102262200
200820080100916173000000057674000021693402008009161731000000160137100010002155610000202062200
200820080100916173000000057674000021693402008009161731000000160137100020003322660000202162200
200820080100916173000000057674000021693402008009161731000000160137100030003308930000202062200
200820080100917134000000060593600005903902008009171341000000200037100030001235700000102262200
200820080100925784000000087624900012082402008009257841000000330037100020002251720000102262200
200820080100929766000000100095500023752902008009297661000000400037100030003061790000202362200
200820080100934571000000114953100010984002008009345711000000340037100030002581240000102062200
200820080100937180000000123111200012906202008009371801000000140037100020002251720010202362200
200820080100938278000000126460100036109902008009382781000000290037100020003405040000102162200
200820080100944731000000104214200052448602008009447311000000040038100010005423350020102442200
200820080100950773000000013360700008924502008009507731000000400039100040001661330000102362200
200820080100966562000000053874400017849002008009665621000000390039400010001784900000102162200
200820080100975075000000075898100031167102008009750751000000310739100020003748290000102262200
200820080100981116000000091745000018398202008009811161000000450339300010001839820000102262200
200820080100983999000000099191500011258602008009839991000000450339300010001125860000102362200
200820080101031505000000115846500009885602008010315051000000130341400010000988560000202062200
200820080101054159000000046011100010160202008010541591000000150042300010001016020000102362200
200820080101068301000000078949200009199102008010683011000000400542100030001935930000202462200
200820080101085876000000119983800054508102008010858761000000410242100020006617860000102062200
200820080101099057000000002032100011395902008010990571000000170045100030001263160000102062200
200820080101099606000000005453700005354702008010996061000000080045300010000535470000102162200
200820080101101803000000019540300019496602008011018031000000110045400010001949660000102162200
200820080101104274000000035004600011395902008011042741000000020145100030001029750000102262200
200820080101104274000000035004600011395902008011042741000000020145100040001331810000202062200
200820080101111414000000079606700021556102008011114141000000060045400010002155610000102462200
200820080101111963000000083124500005766602008011119631000000090045100020001139590000102462200
200820080101117455000000118030900008512602008011174551000000160045100020001263160000202462200
200820080101118828000000126255100010984002008011188281000000180045100020001482840000202262200
200820080101120338000000136013100001784902008011203381000000030145300010000178490000102062200
200820080101142718000000085851600030206002008011427181000000220447100060002663620000202362200
200820080101165784000000016464500029794102008011657841000000461548100030003762020000202362200
200820080101165784000000016464500029794102008011657841000000461548100040003762020000202262200
200820080101168805000000020662600010160202008011688051000000010048100020000425630000102162200
200820080101180201000000036148800015514902008011802011000000250448300010001551490000102362200
200820080101182123000000038849600019771202008011821231000000220248400010001977120000102062200
200820080101193519000000054442700011533202008011935191000000460548100020001633870000202462200
200820080101201482000000065345100026224302008012014821000000560648100010002622430000102262200
200820080101245281000000124418300022517202008012452811000000050248100040002910760000202262200
200820080101251871000000133438800014691102008012518711000000560548100030001647600000102462200
200820080101286334000000067679500014279202008012863341000000330051100020000782610010202212200
200820080101291963000000089955500007688802008012919631000000180051100010000796340000202162200
200820080101296769000000108727000021281502008012967691000000180051100020002787190000102462200
200820080101303908000000136308500015240302008013039081000000230051100030001935930001202362200
200820080101303908000000136308500015240302008013039081000000230051100040002347830000102162200
200820080101347295000000020596800024576702008013472951000000190055100020003446230000202162200
200820080101355808000000063423900017711702008013558081000000110055100010001757440000202262200
200820080101362398000000096926700002334102008013623981000000210255300010000233410000102462200
200820080101371460000000049423000007688802008013714601000000040056100020001469110000202262200
201720170100004490201700032243500025620002017000044901000000180001100020002501000000102262200
201720170100007083201700049721000025772502017000070831000000100001100020001052250001202262200
201720170100012878201700090233800027450002017000128781000000230001100020004209000000202062200
201720170100018673201700131029300007015002017000186731000000130101100020000716750000202022200
201720170100027060201700011613300013877502017000270601000000010904100020004437750000102062200
201720170100044445201700102071200007167502017000444451000000012304100050001326750000102362200
201720170100082723201700015064100007625002017000827231000000710106100020000930250011202412200
201720170100083790201700016139400028365002017000837901000000670706100010002836500000102462200
201720170100099803201700032716800007930002017000998031000000850906100020001403000000102262200
201720170100110478201700043891400009455002017001104781000000373406100010000930250000202262200
201720170100120238201700053955200014640002017001202381000000375806100010001448750000202162200
201720170100140978201700075565000017995002017001409781000000373406100010001814750000202262200
201720170100165073201700100540500010522502017001650731000000373506100030001723250000102162200
201720170100172698201700108505300010675002017001726981000000010406100020001662250000202062200
201720170100176510201700112473500010370002017001765101000000375106100020001586000000102162200
201720170100189015201700125371100010065002017001890151000000950306100020001281000000202062200
201720170100216770201700152852700017690002017002167701000000310006400010001769000000102262200
201720170100227293201700061156700016775002017002272931000000030008100010001677500000102062200
201720170100265265201700140153800008845002017002652651000000010111400010000884500000202062200
201720170100282040201700027089300034922502017002820401000000310312100010003477000001202462200
201720170100284785201700031680900026382502017002847851000000610012100020006572750000102262200
201720170100286158201700033837700023942502017002861581000000861112100030003629500000102262200
201720170100293630201700046297100009302502017002936301000000110312100030001738500000102062200
201720170100325808201700100028200005795002017003258081000000110612100030001540250000102262200
201720170100334043201700113722000008540002017003340431000000861112100040001479250000202162200
201720170100353258201700146785800002592502017003532581000001270212400010000259250000102062200
201720170100359968201700010965200005032502017003599681000000080013100010000503250000202162200
201720170100360578201700013278800036447502017003605781000000400613100010003629500000202462200
201720170100373845201700060577500041480002017003738451000000400113100030007060750000202362200
201720170100380250201700083389100004575002017003802501000000430013100020000625250000202062200
201720170100390163201700118412600043615002017003901631000000030013100010004361500023102412200
201720170100390163201700118412600043615002017003901631000000030013100020002958500013202312200
201720170100394890201700135168100029127502017003948901000000400613100010002912750000202162200
201720170100397635201700144644900012505002017003976351000000230013400010001250500000102262200
201720170100413648201700002493400013725002017004136481000000170117100020001006500000202162200
201720170100414410201700004570600021045002017004144101000000120517100010002089250002202262200
201720170100457110201700122790500011437502017004571101000000353017100040002135000000102262200
201720170100466565201700149202200012047502017004665651000000090017300010001204750000102362200
201720170100477088201700046143200007015002017004770881000000230418100030001296250000202462200
201720170100525583201700143071700010370002017005255831000000100020400010001037000000202062200
201720170100526193201700149275300012200002017005261931000000140020400010001220000000202062200
201720170100543273201700127456200023027502017005432731000000170121100010002318000000202262200
201720170100543273201700127456200023027502017005432731000000170121100020003050000000202262200
201720170100548305201700008864800024400002017005483051000000180022100030000915000000102262200
201720170100557150201700076264400015555002017005571501000000010122100010001555500022202212200
201720170100557150201700076264400015555002017005571501000000010122100020001906250012102212200
201720170100567368201700153496000015707502017005673681000000060022300010001570750000102362200
201720170100573773201700001681000015860002017005737731000000110424100040001525000000202462200
201720170100577128201700022285800012047502017005771281000000110624100030001357250000202362200
201720170100584600201700067413900016775002017005846001000000050724100030001997750000102162200
201720170100585058201700070120200048647502017005850581000000050424100020004468250000102162200
201720170100588565201700091343500040870002017005885651000000080424100030004209000000102462200
201720170100588565201700091343500040870002017005885651000000080424100040004193750000102162200
201720170100588565201700091343500040870002017005885651000000080424100050008128250000202062200
201720170100590700201700104265400012657502017005907001000000080424100020001586000000202362200
201720170100601375201700011642100011132502017006013751000000070425100040001128500000102362200
201720170100630350201700151038400001067502017006303501000000030125400010000106750000202062200
201720170100642703201700039303400041175002017006427031000000321326100020004544500000202362200
201720170100656428201700086546300038887502017006564281000000290826100020004453000000102062200
201720170100663748201700112148300038430002017006637481000000321126100030007518250000102162200
201720170100666493201700121675100016012502017006664931000000290726100020003751500010102262200
201720170100700805201700010786100007930002017007008051000000010028100020001342000012202312200
201720170100702178201700027124000009302502017007021781000000160028100020001204750000202362200
201720170100702635201700032734000016775002017007026351000000070028100030002348500000102162200
201720170100702940201700036304000008387502017007029401000000070028100020001082750000202262200
201720170100702940201700036304000008387502017007029401000000070028100030001098000000202162200
201720170100703398201700041615600022417502017007033981000000040028100010002241750002202362200
201720170100705533201700067673400013725002017007055331000000150028100030004010750000202262200
201720170100708583201700102923900021045002017007085831000000150028100010002104500000202362200
201720170100708583201700102923900021045002017007085831000000150028100020003446500000102162200
201720170100709040201700108863000008997502017007090401000000090028100020001860500000202462200
201720170100710718201700129799200051240002017007107181000000060028100010005139250003202462200
201720170100728560201700084409700033550002017007285601000000180129100010003339750000102362200
201720170100731153201700098800000003965002017007311531000000180329100030000579500000102062200
201720170100739235201700143321600007777502017007392351000000190129300010000777750000102162200
201720170100755858201700011696400012047502017007558581000000040532100010001220000000202162200
201720170100786358201700055221600014335002017007863581000000140434100020002257000000102462200
201720170100789103201700066825900039802502017007891031000000260034100010003980250042202362200
201720170100793525201700085346500041022502017007935251000000090634100010004117500000202462200
201720170100795660201700094287000021960002017007956601000000090734100010002196000000102262200
201720170100795965201700095643600020892502017007959651000000040034100010002074000002202362200
201720170100806183201700138244100008540002017008061831000000140234100020001296250000202162200
201720170100819450201700002507800017995002017008194501000000070136100010001799500000102462200
201720170100819450201700002507800017995002017008194501000000070136100020002241750000102162200
201720170100826313201700015046300016775002017008263131000000040236100020003934500000202062200
201720170100829668201700021114400011895002017008296681000000410536100040001342000000102062200
201720170100842478201700044833300038125002017008424781000000410136100020003614250000102362200
201720170100853610201700065555700016775002017008536101000000380336100020002333250000202262200
201720170100872063201700099879500026077502017008720631000000400836100020003339750000102062200
201720170100873740201700103057100023332502017008737401000000400936100010002348500000102462200
201720170100874808201700105027300025925002017008748081000000400736100010002592500020202162200
201720170100874808201700105027300025925002017008748081000000400736100020002333250010102262200
201720170100878010201700110832200031110002017008780101000000120536100010003111000000102462200
201720170100893565201700139271900013267502017008935651000000200136400010001326750000202062200
201720170100895090201700141453700006252502017008950901000000050036400010000625250000102162200
201720170100896310201700143211100000762502017008963101000000220136400010000076250000102162200
201720170100901038201700149923200005947502017009010381000000170036400010000594750000102062200
201720170100902258201700151659600011132502017009022581000000070436300010001113250000102462200
201720170100903020201700152744900016012502017009030201000000380936400010001601250000102362200
201720170100917965201700048133200013725002017009179651000000460037100030000930250000202162200
201720170100931233201700092752400011590002017009312331000000100037100020001006500002202162200
201720170100946025201700142177700003050002017009460251000000340037400010000305000000202062200
201720170100948465201700149228500001677502017009484651000000280037400010000167750000102162200
201720170100953345201700141024500010370002017009533451000000010038400010001037000000102062200
201720170100955175201700004446600019825002017009551751000000550239100020002089250000202222200
201720170100983235201700084146800018757502017009832351000000090839100020002013000000202162200
201720170100987048201700095072200059322502017009870481000000410639100030005703500000202062200
201720170100997723201700125573400019367502017009977231000000040039100010001936750000202262200
201720170101055673201700033805100025010002017010556731000000010242100050005901750000102462200
201720170101069093201700070439400025620002017010690931000000320842100030004178500000102162200
201720170101076870201700091835500046512502017010768701000000321042100030007045500000202162200
201720170101078700201700096717400017537502017010787001000000320442100020005002000000102262200
201720170101095780201700141518300013115002017010957801000000090042400010001311500000202162200
201720170101101270201700152718900013115002017011012701000000320142300010001311500000102062200
201720170101110573201700027135000025620002017011105731000000070045100020001753750000202062200
201720170101111183201700031639400021655002017011111831000000030245100030003370250000102162200
201720170101111640201700034795200010217502017011116401000000040045100030000549000001202262200
201720170101112250201700039064600056577502017011122501000000110145100020005169750003202062200
201720170101112708201700042314400006100002017011127081000000040045100010000610000001202362200
201720170101126890201700138593900011437502017011268901000000090045300010001143750000102462200
201720170101128720201700149004000006405002017011287201000000110145400010000640500000202062200
201720170101144275201700054573500024552502017011442751000000310047100040002211250000202462200
201720170101145190201700059133200012352502017011451901000000030047100020001311500000102162200
201720170101150985201700088383400062982502017011509851000000320747100010006298250000202462200
201720170101151900201700093014900010980002017011519001000000320347100040001479250000202162200
201720170101160745201700138607700013420002017011607451000000180047300010001342000000102362200
201720170101162880201700149947600012962502017011628801000000200147400010001296250000102062200
201720170101171420201700011071300008540002017011714201000000230948100020001098000010102162200
201720170101238368201700104608900037057502017012383681000000230548100010003690500000202162200
201720170101242180201700109944300011895002017012421801000000570048100040001631750001202042200
201720170101252398201700124305600018910002017012523981000000231948100030003904000000102362200
201720170101261243201700136647100015402502017012612431000000260048100020002836500010102262200
201720170101264445201700141135300010980002017012644451000000050148400010001098000000102062200
201720170101265818201700143025900002440002017012658181000000200548300010000244000000202122200
201720170101266733201700144328500012352502017012667331000000591048400010001235250000102162200
201720170101268258201700146441000023485002017012682581000000340048400010002348500000102162200
201720170101289303201700007532200016622502017012893031000005109751100040000808250012202362200
201720170101296470201700037355700003202502017012964701000005108951100030000381250000102462200
201720170101305468201700075459000006557502017013054681000005109751100030000854000000102462200
201720170101306535201700080313300018605002017013065351000005115551100010001860500001202432200
201720170101309890201700094622300035532502017013098901000005116451100020003965000000202462200
201720170101310043201700095244300012505002017013100431000005500151100020002302750000102162200
201720170101324225201700152352800000457502017013242251000005500251400010000045750000102362200
201720170101355335201700146629400011742502017013553351000001060053400010001174250000102062200
201720170101369518201700025293300011285002017013695181000004100155100020000823500010202362200
201820180100001005201801006921300010311302018000010051000000200001400010001031130000202062200
201820180100018550201800114599300015390002018000185501000000190001100030002323890000102062200
201820180100025014201801000303900014620502018000250141000000070004400010001462050000102262200
201820180100039480201800058610600012465902018000394801000000012904100010001246590000102162200
201820180100045482201800089668000008926202018000454821000000020704100010000892620020102062200
201820180100053947201800133714000011388602018000539471000000011804100020002508570000202362200
201820180100060565201800044314100014158802018000605651000000050005100020001523610001202062200
201820180100070106201801001072500011696402018000701061000000310006300010001169640000102162200
201820180100108428201800023807100007848902018001084281000000590906100020000738720000102362200
201820180100219236201800139159100013697102018002192361000000711106100030001908360000102462200
201820180100219236201800139159100013697102018002192361000000711106100040001969920000202362200
201820180100248938201800020550900021546002018002489381000000010209100030001462050000202362200
201820180100270023201801002454800014466602018002700231000001270212400010001446660000102162200
201820180100308498201800052239300020776502018003084981000000310212100020002677860003202262200
201820180100308498201800052239300020776502018003084981000000310212100030002539350000102062200
201820180100315269201800063530000014312702018003152691000000310112100040002616300000202262200
201820180100328812201800085995200017852402018003288121000000310212100020002985660000102062200
201820180100355899201800130999300004155302018003558991000000630012100030000523260000202062200
201820180100367441201800005016900031087802018003674411000000300213100040004955580000202162200
201820180100372982201800024508500016621202018003729821000000100313100020002323890000202062200
201820180100374828201800031248600012465902018003748281000000100813100030002231550000202162200
201820180100380369201800050713800009080102018003803691000000400013100010000908010000102262200
201820180100380677201800051746800012619802018003806771000000100813100030001539000000102162200
201820180100392373201800093096100013543202018003923731000000200113100020002231550001102462200
201820180100421768201801010647600003078002018004217681000000370017300010000307800000102462200
201820180100422999201801014214200008926202018004229991000000100117300010000892620000102362200
201820180100450547201800075835200006002102018004505471000000353117100040000861840000102462200
201820180100453625201800084441000042168602018004536251000000353017100020005678910000202462200
201820180100453625201800084441000042168602018004536251000000353017100030005848200000102362200
201820180100533192201801004372500018314102018005331921000000180021400010001831410000102062200
201820180100543965201800070060800024624002018005439651000000190221100010002447010020102112200
201820180100543965201800070060800024624002018005439651000000190221100020002908710010202112200
201820180100553506201801002955800002616302018005535061000000010022400010000261630000202062200
201820180100557662201800019295800005386502018005576621000000050022100010000523260001202262200
201820180100563202201800061141800029548802018005632021000000190022100020003278070000102462200
201820180100563664201800064777300018314102018005636641000000060022100070001185030015202462200
201820180100567973201800099124500008772302018005679731000000240022100040002293110000202362200
201820180100579823201801000897800000461702018005798231000000120324400010000046170000102162200
201820180100581978201801012728800010311302018005819781000000020024300010001031130000102462200
201820180100584748201800013962200007387202018005847481000000110124100030002677860020102112200
201820180100585210201800016684400040937402018005852101000000050224100040002616300000202362200
201820180100598445201800097500000034473602018005984451000000080524100040005432670000102262200
201820180100607371201801005369300007233302018006073711000000030025400010000723330000202262200
201820180100609218201801010926800007233302018006092181000000350025400010000723330000102162200
201820180100609526201801011867500000461702018006095261000000020025400010000046170000202262200
201820180100613989201800017408200009849602018006139891000000330425100010001000350000102462200
201820180100613989201800017408200009849602018006139891000000330425100020001261980000102262200
201820180100622607201800062211300023546702018006226071000000330425100030003139560000102262200
201820180100624762201800073178000029087102018006247621000000330225100010002908710000202362200
201820180100628148201800090501000039552302018006281481000000330325100010003939840000102262200
201820180100628148201800090501000039552302018006281481000000330325100020005217210000102162200
201820180100648309201800021541500013389302018006483091000000310026100020001923750000102262200
201820180100655080201800045034600016467302018006550801000000320926100020001908360000102262200
201820180100655080201800045034600016467302018006550801000000320926100030001969920000202122200
201820180100674933201800113403000033550202018006749331000000300626100020003555090000202362200
201820180100709561201800005048000001846802018007095611000000160028100030000292410000202262200
201820180100711254201800025428300009234002018007112541000000080028100020000892620000102362200
201820180100711254201800025428300009234002018007112541000000080028100030000892620000102262200
201820180100712023201800034574200003847502018007120231000000110028100040000723330000102262200
201820180100712331201800038219100006617702018007123311000000100028100010000661770000202062200
201820180100715717201800078973500017390702018007157171000000130028100030003047220002202362200
201820180100725259201800005402000022777202018007252591000000100129100020001446660000102162200
201820180100738956201800080417200026316902018007389561000000190129100020005571180000102162200
201820180100741572201800095499800030780002018007415721000000180129100010003078000002202262200
201820180100760040201800085539200026624702018007600401000000090431100020005848200000102262200
201820180100781740201801000366800007387202018007817401000000140334400010000738720000202462200
201820180100782048201801001530400008310602018007820481000000240034300010000831060000102362200
201820180100783433201801006811600000461702018007834331000000140134400010000046170000202262200
201820180100784818201801011803500004155302018007848181000000160034400010000415530000202462200
201820180100784972201801012365800008310602018007849721000000230234400010000831060000102162200
201820180100804363201800078096400027086402018008043631000000130234100020002308500011202412200
201820180100817907201800135036300030626102018008179071000000140234100030005909760000202162200
201820180100828064201801000344200001385102018008280641000000310736400010000138510000202162200
201820180100828833201801001515700011542502018008288331000000380236400010001154250000202062200
201820180100832219201801006471300000923402018008322191000000370636400010000092340000202262200
201820180100833297201801008075700010773002018008332971000000200236400010001077300000202162200
201820180100838221201801015325700007848902018008382211000000330436400010000784890000202062200
201820180100853457201800028734100006925502018008534571000000411236100020000707940000202162200
201820180100858382201800037791300048170702018008583821000000401036100030005263380000102162200
201820180100884391201800085961100010157402018008843911000000330236100050001585170000102362200
201820180100885007201800087072400051710402018008850071000000090336100010005171040001202462200
201820180100885007201800087072400051710402018008850071000000090336100030004447710000102162200
201820180100916249201801007202700015082202018009162491000000130137400010001508220000102062200
201820180100919788201800002401100041399102018009197881000000350037100010004124520021102212200
201820180100927483201800028450300009080102018009274831000000510037100030002185380000102362200
201820180100957648201800129406600008464502018009576481000000500337100020000784890000102162200
201820180100981964201800033419300029702702018009819641000000090539100010002985660001202262200
201820180100989043201800053693900009541802018009890431000000380039100020001600560000202162200
201820180100992737201800064241100035397002018009927371000000380039100010003555090002202362200
201820180100995199201800071432500050787002018009951991000000410839100030006648480000102262200
201820180100995199201800071432500050787002018009951991000000410839100040007787340000202062200
201820180101001817201800090447600012773702018010018171000000150039100010001277370000202162200
201820180101002125201800091272600009695702018010021251000000400039100030002354670000202462200
201820180101008281201800108963200046323902018010082811000000540139100030004524660001202462200
201820180101024440201800030182800013851002018010244401000000030040100050001816020013102062200
201820180101033520201800117214900011234702018010335201000000100440100010001123470021202412200
201820180101082615201800055445400012773702018010826151000000060042100030001308150040102412200
201820180101084615201800060801600021238202018010846151000000210042100030001031130000202062200
201820180101095850201800090916300023392802018010958501000000150142100040003355020012102162200
201820180101120012201801005023500011850302018011200121000000060445400010001185030000102062200
201820180101127092201800036220800014928302018011270921000000030245100030003247290000102362200
201820180101131863201800068621200007848902018011318631000000120145100020001523610001202162200
201820180101135710201800095097200007848902018011357101000000060145100030000738720000102062200
201820180101138788201800115868300015236102018011387881000000030245100030003493530000102162200
201820180101147560201801006538600006309902018011475601000000200147300010000630990000102162200
201820180101148022201801009093400005540402018011480221000000200147400010000554040000202062200
201820180101152023201800014496300017236802018011520231000000130047100040001631340000202462200
201820180101162027201800065080800009234002018011620271000000310047100040001692900000102362200
201820180101164028201800074890900026009102018011640281000000230047100040003154950000202362200
201820180101172338201800117510100017390702018011723381000000250147100020002323890000202362200
201820180101172338201800117510100017390702018011723381000000250147100030002031480000102062200
201820180101175570201800134660200012158102018011755701000000320747100020002169990000202062200
201820180101176801201801000227400012312002018011768011000000430148400010001231200000202262200
201820180101195269201800010769100024470102018011952691000000490548100050004740120000102162200
201820180101215430201800038713900021238202018012154301000000190348100030003678210000102362200
201820180101226203201800053655900013697102018012262031000000460848100040001246590000202062200
201820180101237284201800069093100035089202018012372841000000150248100030004786290051202412200
201820180101249134201800085580000005694302018012491341000000530348100020000630990000102362200
201820180101258522201800098692900007541102018012585221000000250448100030001185030000202462200
201820180101265294201800108086200016159502018012652941000000462748100030001723680000202462200
201820180101281607201800130862000015851702018012816071000000350148100020002077650000202262200
201820180101303615201801003762400000769502018013036151000005115451400010000076950000102162200
201820180101303769201801004345600006771602018013037691000005118651400010000677160000202262200
201820180101306385201801013906400033704102018013063851000005117551400010003370410000102062200
201820180101311310201800019030700009234002018013113101000005115451100030002939490000102062200
201820180101313157201800026521200034473602018013131571000005109651100010003447360000202162200
201820180101315773201800037655500014620502018013157731000005109751100020002662470000102262200
201820180101319774201800054355300021699902018013197741000005104451100020002985660000102162200
201820180101335011201800118934400033396302018013350111000005120651100010003339630001202362200
201820180101341936201801009259800009080102018013419361000001040053300010000908010000102362200
201820180101360096201800079839900032319002018013600961000001161153100020004555440000102262200
201820180101373178201801005411500016775102018013731781000000100054400010001677510000102062200
201820180101381642201801001326100014466602018013816421000000160155300010001446660000102162200
